-4.601563655404606809e-03
2.854343453964706609e-02
6.358538671764012162e-02
9.824359093565426804e-02
1.301035314506328588e-01
1.568663947317324447e-01
1.765953152483231980e-01
1.879212532238036248e-01
1.901767006897706891e-01
1.834371136931323698e-01
1.684659793929241811e-01
1.465765451121853469e-01
1.194378546277824471e-01
8.886168299832312989e-02
5.660826949224694038e-02
2.424215759362899347e-02
-6.943505890308877826e-03
-3.593220663136002802e-02
-6.193284080497989813e-02
-8.429813118318510434e-02
-1.024443077877601055e-01
-1.158015606705145722e-01
-1.238156578596245339e-01
-1.260072053132805514e-01
-1.220794962841002806e-01
-1.120521993587422493e-01
-9.638921791999689737e-02
-7.608678079747674405e-02
-5.269264619442567271e-02
-2.823825390420050402e-02
-5.080640804733208005e-03
1.433282820946478464e-02
2.774925398390665210e-02
3.340637637335253096e-02
3.029733493124031618e-02
1.836314553920054271e-02
-1.419781183261005497e-03
-2.707647622721204989e-02
-5.579752705225432541e-02
-8.421602588127571898e-02
-1.087670560346963022e-01
-1.260873188768431574e-01
-1.334059105738552298e-01
-1.288772160358855889e-01
-1.118135425848093834e-01
-8.278764362927458487e-02
-4.359195985561731268e-02
2.940158851791774275e-03
5.322848123915935314e-02
1.033183587440184015e-01
1.492861666634108797e-01
1.876300228254331182e-01
2.156021823196462850e-01
2.314488822718510919e-01
2.345362836807855234e-01
2.253554291670757659e-01
2.054128053235841078e-01
1.770245965140776756e-01
1.430410842899985380e-01
1.065325410870060635e-01
7.046952998270190893e-02
3.742917368626709484e-02
9.355196009934219764e-03
-1.260617717574201609e-02
-2.817966046453696319e-02
-3.793739179792574717e-02
-4.318139267396488290e-02
-4.574429895027092019e-02
-4.772930739013681034e-02
-5.121728775001399558e-02
-5.797344569832187794e-02
-6.918706382468226002e-02
-8.527532694667080970e-02
-1.057761318511076659e-01
-1.293456221586481714e-01
-1.538648882963762066e-01
-1.766480005664400610e-01
-1.947315928764205006e-01
-2.052158820510913140e-01
-2.056194954035903966e-01
-1.942068094183823090e-01
-1.702474177116241605e-01
-1.341731869980564706e-01
-8.760892524867484876e-02
-3.326712105221014959e-02
2.528602880332907199e-02
8.396914497135199440e-02
1.385899371804275304e-01
1.852664747980196924e-01
2.208133648707433783e-01
2.430449196300335790e-01
2.509587592832931979e-01
2.447802272406544299e-01
2.258678068575763198e-01
1.964991469747630892e-01
1.595730912852565964e-01
1.182726997083907022e-01
7.573625686563652259e-02
3.477771544770501266e-02
-2.313674505571516882e-03
-3.388020120247317579e-02
-5.891079470621191083e-02
-7.698023901322982587e-02
-8.813801333333970423e-02
-9.277635064722643266e-02
-9.150542041033440932e-02
-8.505700407100537375e-02
-7.422828658136748636e-02
-5.986647692506992524e-02
-4.288495333444171387e-02
-2.429425167356850934e-02
-5.227681477602344473e-03
1.305781103593572912e-02
2.921990141799802806e-02
4.191431231711898603e-02
4.991924436476829346e-02
5.228636259998393349e-02
4.849544104365507979e-02
3.858490124341990013e-02
2.323042795757059020e-02
3.749054764029462888e-03
-1.798392101880343791e-02
-3.970456486138154717e-02
-5.900146554123245762e-02
-7.360048227501800322e-02
-8.165603015518209384e-02
-8.200835444625684256e-02
-7.436909553357348712e-02
-5.940624547917847109e-02
-3.871289017346579014e-02
-1.465974410896837138e-02
9.853017666173878586e-03
3.171597799659083700e-02
4.796497375477050407e-02
5.612794601316363485e-02
5.452324405738199348e-02
4.247427577924333536e-02
2.041511764944013013e-02
-1.012578231671329432e-02
-4.666268030082124096e-02
-8.599526851611315192e-02
-1.245295206445389963e-01
-1.586398226271835132e-01
-1.850307533834453511e-01
-2.010574144998944490e-01
-2.049692069268677641e-01
-1.960526453305137251e-01
-1.746625575353897841e-01
-1.421456059667607907e-01
-1.006730943222590435e-01
-5.300943859408581427e-02
-2.247235849330266044e-03
4.846064516181507187e-02
9.614626868209452670e-02
1.382308336616372979e-01
1.726777112984042573e-01
1.980913481022974487e-01
2.137641979372874312e-01
2.196765906734795548e-01
2.164551975414891472e-01
2.052953928848404441e-01
1.878523431634475382e-01
1.661058622656728379e-01
1.422052920125922992e-01
1.183027187896834032e-01
9.638513322165222219e-02
7.811790442955535152e-02
6.471247005555522125e-02
5.683002029102322827e-02
5.453015946045794426e-02
5.726943214295347750e-02
6.394984744344722749e-02
7.301287167732320449e-02
8.257045564559835349e-02
9.056197104817727273e-02
9.492461904469336187e-02
9.376483037765982742e-02
8.551907812779155349e-02
6.909394780312021200e-02
4.397685536173868981e-02
1.031020831698970311e-02
-3.107698148016094924e-02
-7.868481485673886611e-02
-1.304087465477844210e-01
-1.836571216936092321e-01
-2.355171513577375975e-01
-2.829615534050867742e-01
-3.230822284540592060e-01
-3.533313932376668243e-01
-3.717458185661959291e-01
-3.771276527061493411e-01
-3.691569989709606592e-01
-3.484176095282948693e-01
-3.163274854245304857e-01
-2.749795105724600619e-01
-2.269112522303377566e-01
-1.748349850066920619e-01
-1.213661996201400167e-01
-6.878947238182588075e-02
-1.889403463958495150e-02
2.710131263897353621e-02
6.853072466878269708e-02
1.051848841785093247e-01
1.371629148828795441e-01
1.647076386459480346e-01
1.880593813403590442e-01
2.073564237188715298e-01
2.225976065382753166e-01
2.336675460426596573e-01
2.404108389999927708e-01
2.427315746036466382e-01
2.406903587821869750e-01
2.345733363049233577e-01
2.249153235769558168e-01
2.124699919725367980e-01
1.981314424677240726e-01
1.828210680969013513e-01
1.673596463495138631e-01
1.523465016506502789e-01
1.380656737172207549e-01
1.244343422892955908e-01
1.110025564200012027e-01
9.700670312346397484e-02
8.147283797663092131e-02
6.336029490145138332e-02
4.173097166163585586e-02
1.592546785003590842e-02
-1.427579331964243248e-02
-4.852951079811416296e-02
-8.586603691915656311e-02
-1.247020641842239569e-01
-1.629375126314473454e-01
-1.981332235176769818e-01
-2.277532755592076852e-01
-2.494438571235404467e-01
-2.613121371498181023e-01
-2.621655872794410591e-01
-2.516758684908901866e-01
-2.304415199755555366e-01
-1.999386900828873659e-01
-1.623663379845946830e-01
-1.204084945367812631e-01
-7.694827952450507269e-02
-3.477427217407001725e-02
3.681318191006342083e-03
3.654082923201727728e-02
6.259601961726668495e-02
8.133420585403820791e-02
9.288372669716744856e-02
9.789728967332825271e-02
9.739780583009036152e-02
